4 0.33203125 0.26640625 0.40546875 0.234375
4 0.33203125 0.8203125 0.659375 0.346875
4 0.625 0.63984375 0.45390625 0.4296875
4 0.246875 0.55546875 0.44921875 0.31484375
4 0.13671875 0.4671875 0.24921875 0.3734375
4 0.1671875 0.18046875 0.334375 0.190625
4 0.78515625 0.14140625 0.12421875 0.17578125
4 0.73125 0.24921875 0.20234375 0.190625
4 0.59296875 0.24921875 0.190625 0.1953125
4 0.5984375 0.128125 0.21484375 0.16875
4 0.83515625 0.7296875 0.3296875 0.5375
4 0.7828125 0.41484375 0.3640625 0.234375