4 0.66796875 0.26640625 0.40546875 0.234375
4 0.66796875 0.8203125 0.659375 0.346875
4 0.375 0.63984375 0.45390625 0.4296875
4 0.753125 0.55546875 0.44921875 0.31484375
4 0.86328125 0.4671875 0.24921875 0.3734375
4 0.8328125 0.18046875 0.334375 0.190625
4 0.21484375 0.14140625 0.12421875 0.17578125
4 0.26875 0.24921875 0.20234375 0.190625
4 0.40703125 0.24921875 0.190625 0.1953125
4 0.4015625 0.128125 0.21484375 0.16875
4 0.16484375 0.7296875 0.3296875 0.5375
4 0.2171875 0.41484375 0.3640625 0.234375