4 0.1078125 0.48984375 0.21484375 0.36875
4 0.3796875 0.7203125 0.35 0.54453125
4 0.54375 0.69609375 0.25703125 0.4671875
4 0.70390625 0.5921875 0.1640625 0.640625
4 0.87421875 0.58046875 0.15625 0.4140625
4 0.36953125 0.5265625 0.29921875 0.36875
4 0.3546875 0.4203125 0.29609375 0.3296875
4 0.61171875 0.22421875 0.1203125 0.25546875
4 0.75859375 0.16015625 0.228125 0.190625
4 0.721875 0.278125 0.17421875 0.22890625
4 0.85078125 0.26875 0.21640625 0.209375
4 0.8375 0.39609375 0.2421875 0.23359375
4 0.55390625 0.40859375 0.17734375 0.2671875