4 0.19140625 0.6546875 0.26171875 0.4296875
4 0.75703125 0.65078125 0.3578125 0.48984375
4 0.7125 0.40625 0.37109375 0.30703125
3 0.865625 0.40625 0.25 0.55234375
3 0.52421875 0.328125 0.2015625 0.55234375
3 0.24375 0.428125 0.23828125 0.73203125
3 0.378125 0.353125 0.2125 0.57578125
3 0.06953125 0.26796875 0.1390625 0.47421875
4 0.06328125 0.4390625 0.1265625 0.28359375
3 0.9421875 0.20078125 0.115625 0.40078125
3 0.8328125 0.165625 0.0953125 0.29921875
3 0.7359375 0.20078125 0.08203125 0.203125
3 0.74921875 0.09375 0.071875 0.1875
3 0.6984375 0.09921875 0.0921875 0.19765625
3 0.6484375 0.10390625 0.0875 0.2078125
3 0.6 0.10546875 0.1171875 0.2109375
3 0.509375 0.1109375 0.078125 0.20546875
3 0.44921875 0.09609375 0.08984375 0.1875
3 0.4046875 0.07421875 0.06640625 0.1484375