4 0.12109375 0.76953125 0.13984375 0.20234375
4 0.2625 0.653125 0.1140625 0.16328125
4 0.41953125 0.59921875 0.08984375 0.12421875
4 0.44765625 0.734375 0.1484375 0.2046875
4 0.64140625 0.7515625 0.11875 0.22421875
4 0.8015625 0.64453125 0.17578125 0.190625
4 0.84609375 0.696875 0.046875 0.16328125
4 0.9046875 0.5296875 0.0765625 0.10234375
4 0.59609375 0.51875 0.10390625 0.08046875
4 0.5765625 0.56015625 0.071875 0.090625
4 0.509375 0.584375 0.109375 0.11015625
4 0.671875 0.63203125 0.115625 0.1265625
4 0.60234375 0.6515625 0.109375 0.13671875