4 0.87890625 0.76953125 0.13984375 0.20234375
4 0.7375 0.653125 0.1140625 0.16328125
4 0.58046875 0.59921875 0.08984375 0.12421875
4 0.55234375 0.734375 0.1484375 0.2046875
4 0.35859375 0.7515625 0.11875 0.22421875
4 0.1984375 0.64453125 0.17578125 0.190625
4 0.15390625 0.696875 0.046875 0.16328125
4 0.0953125 0.5296875 0.0765625 0.10234375
4 0.40390625 0.51875 0.10390625 0.08046875
4 0.4234375 0.56015625 0.071875 0.090625
4 0.490625 0.584375 0.109375 0.11015625
4 0.328125 0.63203125 0.115625 0.1265625
4 0.39765625 0.6515625 0.109375 0.13671875