4 0.67265625 0.53828125 0.21484375 0.24609375
4 0.509375 0.634375 0.109375 0.09296875
4 0.34765625 0.58203125 0.09453125 0.07578125
4 0.165625 0.76953125 0.09296875 0.15390625
4 0.13125 0.55546875 0.17578125 0.16875
4 0.24375 0.5859375 0.02109375 0.02890625
4 0.2890625 0.50546875 0.08125 0.0875
4 0.9625 0.59296875 0.07421875 0.0875
4 0.803125 0.6125 0.06875 0.10703125
4 0.690625 0.60390625 0.075 0.1046875
4 0.203125 0.59609375 0.03984375 0.03203125
4 0.2984375 0.59296875 0.05625 0.04453125
4 0.19765625 0.72578125 0.078125 0.1234375