4 0.8359375 0.484375 0.20234375 0.1828125
4 0.8078125 0.375 0.0875 0.134375
4 0.865625 0.36484375 0.1 0.11015625
4 0.903125 0.24296875 0.05859375 0.07578125
4 0.92421875 0.2953125 0.1296875 0.09765625
4 0.9375 0.40546875 0.1078125 0.13671875
4 0.59453125 0.36640625 0.18828125 0.146875
4 0.5234375 0.22578125 0.08046875 0.0609375
4 0.41484375 0.4140625 0.146875 0.26640625
4 0.17734375 0.78125 0.35390625 0.32734375
3 0.25390625 0.42734375 0.21953125 0.425
4 0.08515625 0.39921875 0.165625 0.23203125