4 0.1640625 0.484375 0.20234375 0.1828125
4 0.1921875 0.375 0.0875 0.134375
4 0.134375 0.36484375 0.1 0.11015625
4 0.096875 0.24296875 0.05859375 0.07578125
4 0.07578125 0.2953125 0.1296875 0.09765625
4 0.0625 0.40546875 0.1078125 0.13671875
4 0.40546875 0.36640625 0.18828125 0.146875
4 0.4765625 0.22578125 0.08046875 0.0609375
4 0.58515625 0.4140625 0.146875 0.26640625
4 0.82265625 0.78125 0.35390625 0.32734375
3 0.74609375 0.42734375 0.21953125 0.425
4 0.91484375 0.39921875 0.165625 0.23203125